Webots Project File version R2025a
perspectives: 000000ff00000000fd00000002000000010000011c0000029efc0200000001fb0000001400540065007800740045006400690074006f007200000000000000029e0000004500ffffff00000003000005e8000000cafc0100000001fb0000001a0043006f006e0073006f006c00650041006c006c0041006c006c0100000000000005e80000008700ffffff000005e8000002ce00000001000000020000000100000008fc00000000
simulationViewPerspectives: 000000ff000000010000000200000114000003b60100000002010000000100
sceneTreePerspectives: 000000ff00000001000000030000001e000000c0000000fa0100000002010000000200
maximizedDockId: -1
centralWidgetVisible: 1
orthographicViewHeight: 1
textFiles: -1
globalOptionalRendering: CameraFrustums::LidarRaysPaths
consoles: Console:All:All
renderingDevicePerspectives: Crazyflie:camera;1;1.15432;0.0332253;0.223404
