Webots Project File version R2025a
perspectives: 000000ff00000000fd00000002000000010000011c00000515fc0200000001fb0000001400540065007800740045006400690074006f00720100000019000005150000004000ffffff000000030000000000000000fc0100000001fb0000001a0043006f006e0073006f006c00650041006c006c0041006c006c03000000020000041a000009fe00000135000008e20000051500000001000000020000000100000008fc00000000
simulationViewPerspectives: 000000ff000000010000000200000169000007770100000002010000000100
sceneTreePerspectives: 000000ff000000010000000300000022000000c0000001eb0100000002010000000200
maximizedDockId: -1
centralWidgetVisible: 1
orthographicViewHeight: 1
textFiles: -1
globalOptionalRendering: CameraFrustums::LidarRaysPaths
consoles: Console:All:All
renderingDevicePerspectives: Crazyflie:camera;1;1.15432;0.0332253;0.352104
